


FINAL BEST RESULTS FOR CROPPING (images inside () are acceptable)

81 -> 24
100 -> 5
110 -> 22, 8, 21, 12, 9, 14, 25, 7, (27), 13, 11, 6, 2, 4, 26, 3
120 -> 1
140 -> 27
148 -> 16
153 -> 23
169, 173-177 -> 20
178 -> 15
205 -> 10, 28

FINAL NOT WORKING (BAD PICTURE)

19, 0, 18(already well done), 17




Train results

[(95, 76, 183), (135, -127, 316), (15, 69, 74), (105, 41, 18), (235, 20, 60), (35, 90, 296), (95, 27, 71), (45, 90, 110), (35, 34, 36), (45, 13, 129), (185, 20, 33), (65, 118, 47), (65, 104, 21), (55, 20, 36), (15, 104, 160), (145, 6, 186), (35, -15, 360), (35, -1, 342), (125, 20, 51), (75, 97, 61), (255, 62, 60), (15, -22, 174), (15, 69, 119), (55, 118, 65), (65, 97, 191)]


Best train combination
(105, 41, 18)


Test results

[-1, 287, 268, -1, -1, 358, 276, -1, -1, 254, -1, 279, -1, -1, -1, -1, -1, -1, -1, 330, -1, -1, 355, -1, -1, -1, -1, -1, -1, -1]
